p = 0.000100;
i = 0.00000001;
d = 0.00001;
min = -2.0;
max = 2.0;
