p = 0.0001000;
i = 0.00000000001;
d = 0.000012;
min = -5.0;
max = 5.0;
