p = 0.00007000;
i = 0.00000000001;
d = 0.0000016;
min = -5.0;
max = 5.0;
